0.0952066 0.0107391 0.711049 -0.0800124 0.029886 -0.0787673 0.993227 0.0889881 0.0967244 -0.022878 -0.0468976 -0.0996693 -0.0201656 0.0454899 -0.0643885 0.0857581 -0.083031 -0.0623981 0.0549417 -0.0901038 -0.0723709 -0.163168 -0.0917433 -0.0203975 -0.00754468 0.099258 -0.074065 -0.0455368 -0.0223017 
0.100237 -0.00506507 0.687612 0.0231019 -0.082439 -0.0841809 0.992766 0.188358 0.400947 -0.0922926 -0.414721 -0.125949 -0.451455 0.0256174 0.413413 0.065487 -0.223719 -0.727232 -0.348137 -0.00605677 -0.0782435 2.11561 2.31957 -1.34827 -3.65416 -0.614532 -5.19608 -0.345921 5.32149 
0.203258 -0.0493317 0.533352 -0.0661076 0.0933785 -0.0799486 0.990211 0.494869 0.522537 -0.0335044 -0.977324 -0.327393 -1.30672 -0.413071 1.15268 1.13688 -0.316394 0.768672 -0.793067 -0.411019 0.497721 1.26607 0.00124428 -0.0568488 -0.236728 0.048895 0.694367 -3.69441 3.5498 
0.673355 -0.289225 0.604443 0.0204374 -0.00351092 -0.194566 0.98067 -0.471296 1.18317 0.025846 -1.2224 0.464786 -1.04192 -0.0581639 0.653212 0.558451 -0.143248 -0.190046 -0.122065 0.137452 0.231935 0.540404 -1.29102 3.10705 0.00897497 -1.22292 0.232389 -0.404144 2.24857 
0.742274 -0.415277 0.605482 -0.0724595 -0.0663531 -0.260288 0.960519 0.378965 1.167 0.422877 -0.572637 0.42025 -1.24447 -0.410206 1.27249 0.0651722 -0.519708 -0.259741 0.106718 -1.01903 -0.411008 3.28154 1.07789 -2.47025 3.97373 1.42346 0.319101 -2.32403 -0.434251 
0.737679 -0.431269 0.500886 0.0893327 -0.0505654 -0.346446 0.932436 0.466934 0.603055 -0.433632 -1.20968 -0.298396 -0.583666 0.295642 0.656407 -0.57595 0.398058 0.0157477 0.298067 0.936714 0.206497 -0.555725 1.58683 -2.73325 -0.356148 2.86283 -2.27981 -2.61038 -0.397982 
0.737785 -0.327635 0.521766 0.0223169 -0.0128438 -0.199609 0.979537 -0.536087 0.947557 -0.17107 -0.550221 -0.431817 -0.788786 0.205624 0.760878 -0.372548 -0.0828364 0.058183 0.864034 1.21158 -0.715636 0.194528 -2.71063 3.08356 -1.49565 1.68368 -1.69739 3.02083 0.975843 
-0.0643976 2.34828 0.47569 -0.0594877 -0.0202571 -0.540639 0.838904 -0.509185 0.876812 -0.518907 -0.521023 -0.535757 -0.496178 0.0190393 1.15617 -0.00655236 0.0510703 -0.176095 0.238147 -0.296611 -0.0815143 0.30093 -0.195205 0.12691 -0.0150754 0.347589 2.68345 0.0397413 -0.569067 
0.233396 3.1634 0.63119 -0.0250399 0.0159271 -0.993758 -0.107537 0.311675 1.23129 -0.252877 -1.11202 0.525939 -1.07658 0.484697 0.622483 -0.229433 0.222444 -0.363619 0.0792642 0.847561 0.110145 1.36673 -0.140736 -0.749082 -0.0542892 -0.0315411 -0.329784 0.87274 2.65831 
4.82937 2.52357 0.58551 -0.0646839 0.0546954 -0.443428 0.892298 -0.159078 0.510449 0.567598 -1.02915 -0.54296 -1.29177 0.474811 1.23746 0.375606 0.418151 -0.369225 -1.21054 0.341238 0.934119 -5.47967 0.159454 -0.409601 -1.39016 -0.524425 0.246536 -1.01488 -0.224354 
6.64355 0.449333 0.372459 0.0205146 -0.014297 -0.0390422 0.998925 0.342576 0.593949 -0.159195 -0.540535 0.541297 -0.51686 0.239994 0.486844 0.821028 -0.134473 0.044946 -0.37943 0.836288 -0.40802 -1.55401 0.881155 3.21327 -0.734206 -0.227544 -0.0956602 -1.00253 -0.519116 

