0.00360326 -0.0743418 0.0847666 -0.0441667 0.216622 0.0302035 
-0.103111 -0.0653586 -0.0433133 -0.044166 0.216622 0.0302035 
0.847832 0.0360662 0.102259 -0.0441652 0.216622 0.0302035 
0.906396 0.0498972 0.159047 -0.0441644 0.216622 0.0302035 
1.85481 0.213112 0.166436 -0.0441636 0.216622 0.0302035 
2.43473 0.399677 0.304634 -0.0441629 0.216622 0.0302035 
2.85748 0.474846 0.166286 -0.0441621 0.216622 0.0302035 
3.61794 0.687248 0.267381 -0.0441614 0.216622 0.0302035 
4.42765 0.82125 0.159229 -0.0441606 0.216623 0.0302035 
4.82266 0.941246 0.284853 -0.0441599 0.216623 0.0302035 
4.94885 1.0152 0.501808 -0.0441592 0.216623 0.0302035 
5.83048 1.38181 0.390132 -0.0441585 0.216623 0.0302035 
6.55993 1.54435 0.213938 -0.0441577 0.216624 0.0302035 
6.95666 1.64797 0.24531 -0.044157 0.216624 0.0302035 
7.61718 1.97176 0.450556 -0.0441563 0.216624 0.0302035 
8.01595 2.30201 0.684723 -0.0441557 0.216625 0.0302035 
7.98033 2.26535 0.868351 -0.0441552 0.216625 0.0302035 
8.4721 2.78342 0.806953 -0.0441546 0.216626 0.0302035 
8.68261 3.03391 0.861831 -0.0441541 0.216626 0.0302035 
8.80624 3.23478 1.00669 -0.0441537 0.216627 0.0302035 
9.08144 3.71954 1.04982 -0.0441533 0.216628 0.0302035 
9.28556 4.22724 1.18465 -0.044153 0.216628 0.0302035 
9.42963 4.9712 1.37787 -0.0441529 0.216629 0.0302035 
9.44565 5.17677 1.48757 -0.0441528 0.21663 0.0302035 
9.44372 5.10566 1.55751 -0.0441528 0.216631 0.0302035 
9.4404 5.21319 1.59503 -0.0441528 0.216632 0.0302035 
9.28012 5.80697 1.83549 -0.044153 0.216632 0.0302035 
9.26844 6.16131 1.60226 -0.044153 0.216633 0.0302035 
9.20738 6.79281 1.66706 -0.0441531 0.216634 0.0302035 
9.07717 7.16835 1.90662 -0.0441534 0.216635 0.0302035 
8.69181 7.94557 2.03302 -0.0441537 0.216635 0.0302035 
8.26201 8.69057 2.0963 -0.0441541 0.216636 0.0302035 
8.58251 7.92245 1.96567 -0.0441544 0.216637 0.0302035 
8.38763 8.23125 2.13871 -0.0441548 0.216637 0.0302035 
7.99274 8.87887 2.12095 -0.0441552 0.216638 0.0302035 
7.7968 9.07339 2.36945 -0.0441558 0.216639 0.0302035 
7.58071 9.21445 2.57622 -0.0441564 0.216639 0.0302035 
7.47073 9.25642 2.80993 -0.0441572 0.216639 0.0302035 
7.02443 9.33978 2.96661 -0.0441579 0.216639 0.0302035 
7.03077 9.34154 2.80068 -0.0441587 0.21664 0.0302035 
6.75084 9.42765 2.85713 -0.0441594 0.21664 0.0302035 
6.23476 9.45475 3.09802 -0.0441602 0.21664 0.0302035 
5.56904 9.37609 -3.01679 -0.044161 0.21664 0.0302035 
4.6955 9.15849 -2.89195 -0.0441617 0.21664 0.0302035 
4.5329 9.12517 -2.91225 -0.0441625 0.216639 0.0302035 
4.02181 8.94762 -2.79854 -0.0441632 0.216639 0.0302035 
3.92391 8.89631 -2.6203 -0.0441639 0.216639 0.0302035 
3.53814 8.55351 -2.4071 -0.0441645 0.216638 0.0302035 
3.03466 7.89135 -2.21631 -0.0441649 0.216638 0.0302035 
2.54032 7.19483 -2.18366 -0.0441654 0.216637 0.0302035 
2.80898 7.7367 -2.03499 -0.0441657 0.216636 0.0302035 
2.20949 7.05028 -2.28424 -0.0441662 0.216636 0.0302035 
2.03025 6.74603 -2.09695 0.305908 0.950483 -0.362954 
1.97127 6.65072 -2.0966 0.589231 1.52659 -0.71735 
1.82576 6.51635 -2.34824 0.620622 1.57448 -0.853461 
2.38994 7.29123 -2.22638 0.620248 1.57399 -0.853461 
2.66156 7.61609 -2.31151 0.619833 1.57353 -0.853461 
3.33143 8.2433 -2.42248 0.61937 1.57311 -0.853461 
3.52975 8.38895 -2.60796 0.618839 1.57279 -0.853461 
4.30211 8.9113 -2.58515 0.618315 1.57246 -0.853461 
3.45035 8.5449 -2.7272 0.617749 1.57221 -0.853461 
3.19202 8.5229 -2.96371 0.617139 1.57209 -0.853461 
2.92972 8.431 -2.73656 0.616571 1.57184 -0.853461 
2.51639 8.35742 -2.91678 0.615968 1.5717 -0.853461 
2.10602 8.25945 -2.86157 0.615373 1.57152 -0.853461 
1.51388 8.08769 -2.83437 0.614783 1.57133 -0.853461 
1.26196 7.97318 -2.65403 0.614238 1.57104 -0.853461 
0.703326 7.7003 -2.66895 0.613688 1.57075 -0.853461 
0.527434 7.66268 -2.80705 0.613104 1.57054 -0.853461 
0.238915 7.61942 -2.91533 0.6125 1.5704 -0.853461 

